badPeaks = cell(17,1);
badPeaks{1} = [455, 972];
badPeask{2} = [1043,1260,1313,1340,1454,1514,1830,1867,1973,1981,2014:2017];
badPeaks{3} = [197,221,370,461,796,872,956,995,1021,1022,1100,1131,1171,1333,...
               1460,1732,2107];
badPeaks{4} = [259,304,351,523,618,733,792,832,833,866,924,1042,1264,1359,1360,...
               1735,1792,2007,2008,2087,2122,2179,2197,2184,2199,2222,2257,2284,...
               2266,2309,2362];
badPeaks{5} = [831,1509,1538,1571];
badPeaks{6} = [720,991,992,1280,1375,1405,1718,2298,2299,2335,2378,2379,2396,...
               2417,2521,2557];
badPeaks{7} = [331,509,543,633,644,729,783,827,1129,1187,1280,1283,1330,1331,...
               2205,2253,2285,2286,2314,2329,2332,2349];
badPeaks{8} = [424,478,603,723,1355,1358,1359,1449,1450,1582,1923,1929,2122,2255,2262];
badPeaks{9} = [283,892,1804,1847,1917,1963,1969,1978,2089,2107,2108,2178,2464,2518];
badPeaks{11}= [275,479,603,685,723,1581,2021,2077,2097,2121,2255,2486,2502];
badPeaks{12}= [256,319,308,309,358,362,379,407,463,646,479,502,543,656,661,665,755,...
               1032,1053,1162,1240,1268,1269,1349,1566,1567,1573,1651,1702];
badPeaks{13}= [187,926,1132,1185,1311,1345,1379];
badPeaks{14}= [464,1240];
badPeaks{16}= [183:186,350,528,574,599,629,754,760,770,786,792,795,799,803,806,845,853,...
               881,898,918,921,923,928,935,949,956:958,961,992,995,1111,1235,1416,1422,...
               1431,1447,1464,1543,1548,1550:1552,1576,1597,1605,1614,1615,1623,1638,...
               1660,1668,1677,1681:1683,1693,1833,1984,1994,2009,2045,2061,2065,2130,...
               2131,2134,2135,2145,2168,2170,2466,2512,2576];
badPeaks{17}= [283,293,379,393,394,414,421,425,436,446,449,460,559,560,584,585,600,...
               601,604,605,619,620,623,624,649,650,655,659,663:666,675,689,690,698,...
               699,705,706,708,709:713,721:726,763,764,795,796,806,807,820:822,846,...
               861:863,891,903,914,916:918,940:943,1017,1022,1029:1035,1051,1056:1061,...
               1074:1077,1117,1141:1145,1150:1152,1179,1180,1193:1196,1214:1217,1241,...
               1250:1257,1260:1262,1293,1301,1348,1349,1408,1412,1413,1436,1442,1452,...
               1453,1535,1540,1541,1547,1548,1570,1571,1585,1586,1594:1596,1614:1617,...
               1622,1723,1734,1761:1763,1775,1780,1781:1800,1808,1825:1827,1843,1848,...
               1849,1853:1855,1864,1865,1897,1911,1912,1915:1917,1923,1924,1928:1932,...
               1949,1954,1961:1963,1970,1974,1975,1982,1983,1985,1990,2036,2039:2042,...
               2047:2049,2061,2066,2067,2077,2079,2083,2084,2101:2104,2106,2017,2110:...
               2113,2138,2141,2144,2181,2192,2196:2198,2206:2208,2216,2218,2219,2226,...
               2239,2240,2246,2257,2322:2325,2349,2366,2370:2373,2404:2407,2422,2543,...
               2544,2679,2685,2691,2692,2699,3259,3264,3271,3364,3377,3402,3406,3407,...
               3409:3411,3416:3419,3440:3443,3453:3456,3493,3559,3573,3581,3975,3976,...
               4056,4247,4248,4252,4262,4340,4341,4348,4349,4355,4374,4375,4382:4384,...
               4477,4608,4614,4617:4619,4635,4636,4680,4681,4685,4687:4690,4694,4702,...
               4709,4745,4748,4749,4751,4754,4759,4760,4762:4765,4768,4770,4771,4773,...
               4778,4781,4797,4798,4801,4802,4810,4812:4817,4828,4830];
badPeaks{18}= [330,340,345,358,639,656,676,702,709,717,718,723,727,728,763,773,774,790,...
               797,840,846,854,858,863,864,877,881,902,903,910,921,928,947,948,982,988,...
               1025,1026,1033,1034,1062,1079,1080,1084,1089,1092,1093,1034,1062,1079,...
               1080,1084,1089,1092,1093,1114:1116,1122,1127,1137:1139,1187,1189,1198,...
               1226,1227,1232,1238,1240,1278,1279,1282,1283,1492,1498,1499,1506,1512,...
               1514,1515,1524:1526,1553,1557,1558,1578,1588,1589,1599,1601,1634,1637,...
               1650,1661:1665,1682,1694:1696,1728,1730,1732,1741,1745,1750,1761,1795,...
               1800:1802,1814,1856,1860,1864,1869,1870,1873,1877,1887,1890,1897,1910,...
               1921,1922,1968,1978,1980,1985,1997:1999,2001,2007,2012,2021,2023,2024,...
               2040,2041,2049:2051,2057,2070,2090,2393,2394,2401,2432,2466,2514,2515,...
               2518,2519,2529,2533,2536,2538,2541,2549,2550,2564,2565,2567:2569,2594,...
               2612,2617,2619:2621,2626,2627,2639,2640,2668,2669];